5.6221215036063072e-10
1.1244243012366427e-09
1.1244243018148308e-09
1.1244243018784505e-09
1.1244243024063142e-09
1.1244243018780442e-09
1.1244243018143291e-09
1.1244243012363174e-09
5.6221215036054634e-10
1.1244243021088067e-09
2.248848609023007e-09
2.2488486095834847e-09
2.2488486102100099e-09
2.2488486106943333e-09
2.2488486102088655e-09
2.24884860958211e-09
2.2488486090221856e-09
1.1244243021086083e-09
1.124424301999422e-09
2.2488486095249336e-09
2.2488486100475521e-09
2.2488486109592801e-09
2.2488486115133199e-09
2.2488486109585592e-09
2.2488486100469516e-09
2.2488486095248505e-09
1.1244243019994542e-09
1.1244243021084245e-09
2.2488486090217526e-09
2.248848609582201e-09
2.2488486102094313e-09
2.248848610694574e-09
2.2488486102094863e-09
2.2488486095826377e-09
2.2488486090224429e-09
1.1244243021086673e-09
5.622121503604719e-10
1.1244243012361249e-09
1.1244243018142995e-09
1.124424301878204e-09
1.1244243024064132e-09
1.1244243018782993e-09
1.1244243018145407e-09
1.1244243012364161e-09
5.6221215036056837e-10
0.20000000155172423
0.20000000156686135
0.20000000196821255
0.2000000017601464
0.20000000209677884
0.20000000176009577
0.20000000196814904
0.2000000015668196
0.20000000155171369
0.20000000198603307
0.20000000297082396
0.20000000302186932
0.20000000310678637
0.20000000310762284
0.20000000310664004
0.20000000302169882
0.20000000297072615
0.20000000198600942
0.20000000189177872
0.20000000303395088
0.20000000309172031
0.20000000318522626
0.20000000328733458
0.2000000031851403
0.20000000309165397
0.20000000303395365
0.20000000189178815
0.2000000019859797
0.2000000029706529
0.20000000302169729
0.20000000310671276
0.20000000310766364
0.20000000310672647
0.20000000302176654
0.20000000297075229
0.20000000198601539
0.20000000155170258
0.20000000156678899
0.20000000196814013
0.20000000176011726
0.20000000209679378
0.20000000176013133
0.20000000196817527
0.20000000156683226
0.20000000155171493
0.40000000254331008
0.40000000201028763
0.40000000281058401
0.40000000239383232
0.40000000307016242
0.40000000239391631
0.40000000281069242
0.40000000201036062
0.40000000254333068
0.40000000283910842
0.40000000369533883
0.40000000379299394
0.40000000396727192
0.40000000396518581
0.40000000396750779
0.40000000379329442
0.40000000369553562
0.40000000283915577
0.40000000265335789
0.40000000382401923
0.40000000393304902
0.40000000412202846
0.4000000043227947
0.40000000412216602
0.40000000393317858
0.40000000382406958
0.40000000265336594
0.40000000283919435
0.40000000369562683
0.4000000037932897
0.40000000396740309
0.40000000396514446
0.40000000396738006
0.40000000379320705
0.4000000036955067
0.40000000283915677
0.40000000254334755
0.40000000201040442
0.40000000281070286
0.40000000239388872
0.40000000307014272
0.40000000239386513
0.40000000281065357
0.40000000201035452
0.40000000254332724
0.60000000351877314
0.60000000246576901
0.60000000365254813
0.60000000303119927
0.6000000040426553
0.60000000303112222
0.60000000365243378
0.60000000246567464
0.60000000351874738
0.60000000369513029
0.60000000441851076
0.60000000456096714
0.60000000482978366
0.60000000482159876
0.60000000482956817
0.60000000456065328
0.60000000441824797
0.60000000369505468
0.60000000339155102
0.60000000462613912
0.60000000477355686
0.60000000506131668
0.60000000535528897
0.60000000506120166
0.60000000477338289
0.60000000462600733
0.60000000339151505
0.6000000036950407
0.60000000441821844
0.60000000456067348
0.60000000482964411
0.60000000482164728
0.60000000482967775
0.60000000456072999
0.60000000441826362
0.60000000369505913
0.60000000351873617
0.60000000246564766
0.60000000365241912
0.60000000303113865
0.60000000404266851
0.60000000303117274
0.60000000365246331
0.60000000246568486
0.60000000351874638
0.80000000445719399
0.80000000294149587
0.80000000449054787
0.80000000367649815
0.80000000501073876
0.80000000367653212
0.80000000449061115
0.80000000294156637
0.80000000445721975
0.80000000455661846
0.80000000513623659
0.80000000532527693
0.80000000569277763
0.80000000567680074
0.80000000569284657
0.80000000532546023
0.80000000513645564
0.80000000455668563
0.80000000410391836
0.80000000544308081
0.80000000561187989
0.8000000060052106
0.80000000638540547
0.80000000600519483
0.80000000561194473
0.80000000544323702
0.80000000410397454
0.80000000455667764
0.80000000513644909
0.80000000532550231
0.80000000569288909
0.8000000056768064
0.80000000569278884
0.8000000053254418
0.80000000513646552
0.80000000455670062
0.80000000445721997
0.80000000294158369
0.80000000449063302
0.80000000367654533
0.8000000050107301
0.80000000367651103
0.80000000449059794
0.80000000294157936
0.80000000445721842
1.0000000053686535
1.000000003435106
1.0000000053275062
1.0000000043264308
1.0000000059761682
1.0000000043264639
1.0000000053275091
1.0000000034350705
1.0000000053686355
1.0000000054105864
1.000000005855912
1.0000000060843868
1.0000000065565584
1.0000000065316323
1.0000000065566788
1.0000000060844307
1.0000000058558081
1.0000000054105371
1.0000000048000066
1.0000000062685386
1.0000000064531178
1.0000000069508261
1.0000000074136164
1.000000006951006
1.0000000064531935
1.0000000062684484
1.0000000047999573
1.0000000054105691
1.0000000058558609
1.0000000060843433
1.0000000065565369
1.0000000065316579
1.0000000065566896
1.0000000060844472
1.0000000058558058
1.0000000054105436
1.0000000053686415
1.0000000034350802
1.0000000053274793
1.0000000043264261
1.0000000059761631
1.0000000043264781
1.0000000053275087
1.000000003435086
1.0000000053686342
1.2000000062579179
1.2000000039460081
1.2000000061617688
1.2000000049812733
1.2000000069380541
1.2000000049812125
1.2000000061616993
1.2000000039459879
1.2000000062579217
1.2000000062536156
1.2000000065764636
1.2000000068386283
1.2000000074226669
1.2000000073859378
1.2000000074224295
1.2000000068384289
1.200000006576428
1.2000000062536091
1.2000000054901825
1.2000000070981867
1.2000000072962342
1.200000007896479
1.200000008440965
1.2000000078962216
1.2000000072960115
1.200000007098182
1.2000000054902078
1.2000000062535834
1.2000000065763674
1.2000000068385384
1.2000000074226114
1.200000007385942
1.2000000074224233
1.2000000068384149
1.2000000065763963
1.2000000062536118
1.2000000062579073
1.2000000039459646
1.2000000061617164
1.2000000049812529
1.200000006938043
1.2000000049812156
1.2000000061616818
1.2000000039459877
1.2000000062579104
1.4000000071285856
1.4000000044779237
1.4000000069906315
1.4000000056394648
1.4000000078923081
1.4000000056395296
1.4000000069906908
1.4000000044779424
1.400000007128593
1.4000000070859133
1.400000007294218
1.4000000075933705
1.4000000082884829
1.400000008242082
1.4000000082886681
1.4000000075935704
1.400000007294308
1.4000000070859222
1.4000000061710567
1.4000000079357653
1.4000000081379234
1.4000000088417879
1.4000000094667699
1.400000008841966
1.4000000081380777
1.4000000079358275
1.4000000061710625
1.4000000070859713
1.4000000072944296
1.400000007593605
1.4000000082886241
1.4000000082421586
1.4000000082887181
1.4000000075936785
1.4000000072944128
1.4000000070859664
1.4000000071286096
1.4000000044779957
1.4000000069907141
1.4000000056395303
1.4000000078923203
1.4000000056395527
1.4000000069907255
1.400000004478005
1.4000000071286056
1.6000000079895198
1.6000000050175178
1.6000000078142138
1.6000000062963808
1.6000000088413489
1.6000000062963726
1.6000000078141861
1.6000000050174832
1.6000000079895149
1.6000000079097501
1.6000000080145154
1.6000000083489601
1.6000000091595659
1.6000000091018156
1.6000000091595477
1.600000008348897
1.6000000080144232
1.6000000079097101
1.6000000068439364
1.6000000087764616
1.6000000089808251
1.6000000097854821
1.6000000104865812
1.600000009785471
1.6000000089807473
1.6000000087763844
1.6000000068439157
1.6000000079096888
1.6000000080143233
1.6000000083487749
1.600000009159452
1.6000000091017885
1.6000000091594551
1.6000000083487604
1.6000000080142693
1.6000000079096788
1.6000000079894987
1.600000005017431
1.600000007814123
1.6000000062963351
1.6000000088413138
1.6000000062963418
1.6000000078141237
1.6000000050174343
1.6000000079894874
1.8000000088306307
1.8000000055629559
1.8000000086351475
1.8000000069495656
1.8000000097842563
1.800000006949533
1.8000000086351196
1.8000000055629579
1.8000000088306425
1.8000000087295185
1.8000000087355728
1.8000000091047479
1.8000000100339737
1.8000000099643381
1.8000000100338491
1.8000000091047088
1.8000000087356518
1.800000008729534
1.8000000075121152
1.8000000096162423
1.8000000098285442
1.8000000107220957
1.8000000115066197
1.8000000107219707
1.8000000098285023
1.8000000096163806
1.8000000075121825
1.8000000087295407
1.8000000087356951
1.8000000091048771
1.8000000100340341
1.8000000099644196
1.8000000100339553
1.8000000091049049
1.800000008735833
1.8000000087296084
1.800000008830648
1.8000000055629961
1.8000000086351755
1.8000000069496018
1.8000000097842654
1.8000000069495894
1.8000000086351828
1.8000000055630541
1.8000000088306627
2.0000000096562669
2.0000000061130905
2.0000000094552184
2.0000000075969133
2.0000000107182219
2.0000000075969728
2.0000000094552535
2.0000000061130816
2.0000000096562509
2.0000000095463824
2.0000000094580535
2.0000000098601305
2.0000000109125846
2.0000000108320117
2.0000000109127405
2.0000000098602007
2.0000000094579646
2.0000000095463148
2.0000000081769578
2.0000000104555924
2.0000000106806679
2.0000000116536003
2.0000000125232993
2.0000000116537122
2.0000000106805995
2.0000000104553841
2.000000008176873
2.0000000095463806
2.0000000094581125
2.0000000098602273
2.0000000109126481
2.0000000108320606
2.0000000109126614
2.000000009860083
2.0000000094578403
2.0000000095462971
2.0000000096562691
2.0000000061131127
2.0000000094552424
2.0000000075969502
2.0000000107182201
2.0000000075969546
2.0000000094551904
2.0000000061130496
2.0000000096562278
2.2000000104716553
2.2000000066603245
2.2000000102743678
2.2000000082388143
2.200000011646924
2.2000000082387743
2.2000000102743456
2.2000000066603236
2.2000000104716695
2.2000000103555588
2.200000010184346
2.200000010616141
2.2000000117960727
2.2000000117034046
2.2000000117959608
2.2000000106161015
2.2000000101844073
2.200000010355577
2.2000000088387148
2.2000000112967024
2.2000000115366194
2.2000000125771071
2.2000000135396691
2.2000000125770645
2.2000000115366922
2.2000000112969258
2.2000000088388041
2.2000000103555082
2.2000000101841755
2.2000000106159474
2.2000000117959186
2.2000000117034091
2.2000000117959835
2.2000000106161779
2.2000000101844548
2.2000000103556117
2.2000000104716366
2.2000000066602441
2.2000000102742789
2.2000000082387561
2.2000000116468881
2.2000000082388023
2.2000000102743535
2.2000000066603547
2.2000000104716642
2.4000000112585131
2.4000000072108105
2.4000000110909019
2.4000000088791258
2.4000000125728818
2.4000000088791635
2.4000000110909339
2.4000000072108234
2.400000011258522
2.4000000111615578
2.4000000109131667
2.4000000113730113
2.4000000126821552
2.4000000125770011
2.4000000126822147
2.4000000113731144
2.4000000109132023
2.4000000111615347
2.4000000094999039
2.4000000121374971
2.400000012398344
2.4000000134922592
2.4000000145606633
2.4000000134922361
2.4000000123982517
2.4000000121374181
2.4000000094998879
2.4000000111616213
2.4000000109134527
2.4000000113733626
2.4000000126823493
2.4000000125771082
2.4000000126822387
2.4000000113731672
2.4000000109132653
2.4000000111615893
2.4000000112585447
2.4000000072109162
2.4000000110910111
2.4000000088792226
2.4000000125729009
2.4000000088791911
2.400000011090937
2.4000000072108785
2.4000000112585229
2.6000000120180844
2.6000000077629655
2.6000000119089965
2.6000000095189169
2.6000000134863743
2.6000000095189018
2.6000000119089326
2.6000000077628802
2.6000000120180649
2.6000000119578379
2.6000000116497013
2.6000000121284947
2.600000013571842
2.6000000134561483
2.6000000135717678
2.6000000121283255
2.6000000116494988
2.6000000119577473
2.6000000101732001
2.6000000129704532
2.6000000132683723
2.6000000143990909
2.6000000155807741
2.6000000143990842
2.6000000132682484
2.6000000129703116
2.6000000101731513
2.600000011957734
2.6000000116494366
2.6000000121282421
2.600000013571711
2.6000000134561665
2.6000000135717527
2.6000000121282816
2.6000000116494055
2.6000000119577305
2.6000000120180506
2.6000000077628527
2.6000000119088682
2.6000000095188662
2.6000000134863437
2.6000000095189151
2.6000000119088829
2.60000000776287
2.6000000120180431
2.800000012773042
2.8000000083069425
2.8000000127328262
2.8000000101561202
2.8000000143845827
2.8000000101561526
2.8000000127328835
2.8000000083070176
2.8000000127730633
2.8000000127273919
2.8000000123999822
2.8000000128779376
2.8000000144670936
2.8000000143409229
2.8000000144671544
2.8000000128781619
2.8000000124002615
2.800000012727454
2.8000000108715732
2.80000001379006
2.8000000141444468
2.8000000152980751
2.8000000165998764
2.8000000152980955
2.8000000141445933
2.8000000137903367
2.8000000108716683
2.8000000127274549
2.8000000124002549
2.8000000128782085
2.8000000144671953
2.8000000143409469
2.8000000144671495
2.8000000128782503
2.8000000124003774
2.8000000127275211
2.8000000127730731
2.8000000083070393
2.8000000127329052
2.8000000101561731
2.8000000143845556
2.8000000101561633
2.8000000127329061
2.8000000083070993
2.8000000127730726
3.0000000135308778
3.0000000088376151
3.0000000135625307
3.0000000107880904
3.0000000152791664
3.0000000107880722
3.0000000135624627
3.0000000088375409
3.0000000135308502
3.0000000134697289
3.0000000131677513
3.0000000136243519
3.0000000153658322
3.0000000152314126
3.0000000153657571
3.0000000136242031
3.0000000131675426
3.0000000134696343
3.000000011595513
3.0000000145952739
3.000000015028442
3.0000000161912945
3.0000000176165837
3.0000000161912559
3.0000000150282724
3.0000000145950843
3.000000011595457
3.0000000134696676
3.0000000131675986
3.0000000136242564
3.0000000153658193
3.000000015231528
3.0000000153658184
3.0000000136242062
3.0000000131674986
3.000000013469649
3.0000000135308613
3.0000000088375378
3.000000013562464
3.0000000107880922
3.0000000152791886
3.00000001078811
3.0000000135624574
3.0000000088375511
3.0000000135308302
3.2000000142920446
3.2000000093615681
3.2000000143925433
3.200000011414954
3.2000000161695805
3.2000000114149687
3.2000000143925504
3.2000000093615615
3.2000000142920508
3.2000000141906151
3.2000000139444729
3.200000014371867
3.2000000162682016
3.2000000161250743
3.2000000162682221
3.2000000143719101
3.2000000139444773
3.2000000141905955
3.2000000123324206
3.2000000153927286
3.2000000159128477
3.2000000170821821
3.2000000186308939
3.2000000170821572
3.200000015912758
3.2000000153926913
3.2000000123324095
3.2000000141906302
3.2000000139445879
3.2000000143720007
3.2000000162682354
3.2000000161250748
3.2000000162681648
3.2000000143719012
3.2000000139445044
3.200000014190636
3.200000014292057
3.2000000093616028
3.2000000143925584
3.2000000114149696
3.2000000161695383
3.2000000114149634
3.2000000143925225
3.2000000093615983
3.2000000142920442
3.4000000150540513
3.4000000098831991
3.4000000152098817
3.4000000120397464
3.4000000170517661
3.4000000120397504
3.400000015209887
3.4000000098832168
3.4000000150540592
3.4000000148953373
3.4000000147264551
3.4000000151248759
3.4000000171755635
3.400000017019138
3.4000000171755715
3.4000000151249794
3.400000014726551
3.4000000148953635
3.4000000130860246
3.400000016185047
3.4000000167975557
3.4000000179687953
3.4000000196443008
3.4000000179688401
3.4000000167976614
3.4000000161852522
3.400000013086081
3.4000000148953151
3.4000000147264209
3.4000000151248866
3.4000000171755818
3.4000000170192055
3.4000000171756257
3.4000000151250469
3.4000000147266247
3.400000014895403
3.4000000150540437
3.4000000098831835
3.4000000152098409
3.4000000120397567
3.400000017051743
3.4000000120397793
3.4000000152099035
3.400000009883267
3.4000000150540486
3.6000000158028929
3.6000000104066574
3.6000000160128276
3.6000000126717673
3.6000000179218952
3.6000000126717739
3.6000000160127916
3.6000000104066068
3.6000000158028818
3.6000000155869474
3.600000015513833
3.6000000158833196
3.6000000180830307
3.6000000179146245
3.6000000180829943
3.6000000158832464
3.6000000155136722
3.6000000155868661
3.6000000138620205
3.600000016966272
3.6000000176856677
3.6000000188535588
3.6000000206559863
3.6000000188535166
3.6000000176854585
3.6000000169660527
3.6000000138619406
3.6000000155869416
3.6000000155138498
3.6000000158834098
3.6000000180831093
3.6000000179147347
3.6000000180830432
3.600000015883249
3.6000000155136509
3.6000000155868919
3.6000000158028995
3.6000000104066574
3.6000000160128121
3.6000000126718126
3.6000000179219072
3.6000000126718099
3.6000000160127779
3.6000000104066174
3.6000000158028675
3.8000000165289376
3.8000000109344514
3.8000000167980694
3.8000000133190777
3.8000000187763803
3.8000000133191034
3.8000000167980859
3.8000000109344674
3.8000000165289527
3.8000000162748035
3.8000000163045073
3.8000000166479997
3.8000000189869234
3.8000000188154646
3.8000000189869345
3.8000000166480841
3.8000000163045922
3.800000016274808
3.8000000146509647
3.8000000177401185
3.8000000185740266
3.8000000197427135
3.8000000216573597
3.8000000197427322
3.8000000185740337
3.8000000177402158
3.8000000146510198
3.8000000162748004
3.8000000163045629
3.8000000166480596
3.800000018986883
3.8000000188154281
3.8000000189868612
3.8000000166480765
3.8000000163046388
3.800000016274852
3.8000000165289434
3.8000000109344705
3.800000016798049
3.8000000133190723
3.8000000187763239
3.8000000133190825
3.8000000167980765
3.8000000109345118
3.8000000165289434
4.0000000172320744
4.0000000114663088
4.0000000175661885
4.0000000139826231
4.000000019620237
4.000000013982616
4.0000000175661468
4.0000000114662688
4.0000000172320593
4.0000000169585519
4.0000000171000858
4.0000000174205663
4.0000000198848378
4.0000000197195007
4.0000000198847747
4.0000000174205397
4.0000000171000218
4.0000000169585039
4.0000000154436233
4.0000000185087892
4.0000000194617611
4.0000000206368709
4.0000000226537242
4.0000000206368371
4.0000000194617078
4.0000000185087936
4.0000000154436366
4.0000000169585066
4.0000000171000369
4.0000000174205859
4.0000000198849071
4.0000000197196552
4.0000000198848893
4.0000000174206223
4.0000000171001124
4.0000000169585448
4.0000000172320647
4.0000000114662768
4.0000000175661468
4.0000000139826337
4.0000000196202672
4.0000000139826657
4.0000000175661761
4.000000011466323
4.000000017232062
4.2000000179117158
4.200000012008358
4.2000000183155057
4.2000000146638907
4.2000000204580026
4.2000000146639289
4.2000000183155208
4.2000000120083625
4.2000000179117247
4.2000000176373691
4.2000000178975272
4.2000000182020338
4.2000000207758736
4.2000000206244836
4.2000000207759447
4.2000000182021342
4.2000000178975077
4.2000000176373353
4.200000016240935
4.2000000192731397
4.2000000203471863
4.2000000215375133
4.2000000236445283
4.2000000215375621
4.2000000203470975
4.2000000192730456
4.2000000162408959
4.2000000176373868
4.2000000178976524
4.2000000182022132
4.2000000207759642
4.2000000206244961
4.200000020775887
4.2000000182020569
4.2000000178974934
4.2000000176373442
4.2000000179117398
4.2000000120084167
4.2000000183155297
4.2000000146639112
4.2000000204579644
4.200000014663904
4.2000000183154951
4.2000000120083785
4.2000000179117043
4.4000000185752306
4.4000000125571139
4.4000000190440796
4.40000001536567
4.4000000212849448
4.4000000153656558
4.4000000190440272
4.4000000125570979
4.4000000185752342
4.4000000183024452
4.4000000187006911
4.4000000189920776
4.400000021658828
4.4000000215298458
4.4000000216587321
4.4000000189920572
4.400000018700676
4.4000000183024479
4.4000000170497051
4.4000000200298137
4.4000000212290127
4.4000000224474549
4.4000000246297502
4.4000000224474798
4.4000000212290411
4.4000000200299727
4.4000000170497566
4.4000000183024106
4.4000000187005899
4.4000000189919977
4.4000000216587898
4.4000000215298973
4.4000000216588191
4.4000000189921664
4.400000018700795
4.400000018302479
4.4000000185752386
4.4000000125570846
4.4000000190439783
4.4000000153656655
4.4000000212849155
4.4000000153656966
4.4000000190440725
4.4000000125571539
4.400000018575235
4.6000000192347832
4.6000000131047676
4.6000000197593014
4.6000000160863621
4.6000000220971717
4.6000000160863745
4.6000000197592925
4.6000000131047534
4.6000000192347832
4.6000000189394248
4.6000000195162416
4.60000001978824
4.6000000225346422
4.6000000224345214
4.6000000225346547
4.6000000197881974
4.6000000195161279
4.6000000189393582
4.6000000178770204
4.6000000207771423
4.6000000221083477
4.6000000233651424
4.600000025615854
4.6000000233650464
4.6000000221081034
4.6000000207769745
4.6000000178769556
4.6000000189394479
4.600000019516381
4.6000000197884869
4.6000000225348288
4.6000000224346413
4.600000022534708
4.600000019788232
4.6000000195161697
4.6000000189393857
4.6000000192348134
4.6000000131048182
4.6000000197593547
4.600000016086442
4.6000000220971788
4.6000000160864065
4.6000000197592694
4.6000000131047685
4.6000000192347734
4.8000000198826802
4.8000000136626193
4.8000000204620568
4.8000000168204453
4.8000000228987965
4.8000000168204755
4.800000020462079
4.8000000136626184
4.80000001988269
4.8000000195536652
4.800000020336161
4.8000000205921465
4.8000000234035403
4.8000000233388214
4.8000000234035944
4.8000000205922877
4.8000000203362152
4.8000000195536598
4.8000000187234422
4.800000021516416
4.8000000229870761
4.800000024289159
4.8000000266038994
4.8000000242893233
4.8000000229872368
4.8000000215165652
4.8000000187234972
4.8000000195536527
4.8000000203360873
4.8000000205920879
4.8000000234034692
4.8000000233387663
4.80000002340359
4.8000000205922548
4.8000000203362552
4.80000001955369
4.80000001988269
4.8000000136625802
4.8000000204619706
4.800000016820392
4.8000000228987609
4.8000000168204675
4.8000000204620523
4.8000000136626291
4.800000019882706
5.0000000205103916
5.0000000142425591
5.0000000211506093
5.0000000175630825
5.000000023697436
5.0000000175630746
5.0000000211505835
5.000000014242528
5.0000000205103801
5.0000000201446433
5.0000000211570557
5.0000000214019806
5.0000000242675435
5.0000000242384095
5.000000024267413
5.0000000214018909
5.000000021156934
5.0000000201445864
5.0000000195881045
5.0000000222523626
5.0000000238674467
5.0000000252187498
5.0000000275941154
5.0000000252186476
5.0000000238672229
5.0000000222522782
5.0000000195880947
5.0000000201446282
5.0000000211571498
5.000000021402176
5.0000000242676741
5.0000000242385418
5.0000000242675613
5.0000000214019868
5.0000000211570486
5.0000000201446486
5.0000000205103987
5.0000000142426071
5.0000000211506466
5.0000000175631465
5.0000000236974556
5.0000000175631323
5.0000000211506404
5.0000000142425973
5.0000000205103969
5.2000000211130484
5.2000000148473537
5.2000000218223805
5.200000018308887
5.2000000244949218
5.200000018308935
5.2000000218224072
5.2000000148473626
5.2000000211130537
5.2000000207119115
5.2000000219800242
5.2000000222203751
5.2000000251294303
5.2000000251317724
5.200000025129448
5.2000000222204346
5.2000000219800455
5.20000002071186
5.2000000204666312
5.2000000229845309
5.2000000247465543
5.2000000261531865
5.2000000285839274
5.2000000261532158
5.2000000247465819
5.2000000229845771
5.200000020466665
5.200000020711868
5.2000000219799558
5.2000000222203555
5.2000000251294072
5.2000000251317458
5.2000000251294187
5.200000022220352
5.2000000219800127
5.2000000207118511
5.2000000211130395
5.2000000148473244
5.2000000218223246
5.2000000183088924
5.2000000244948961
5.2000000183089181
5.2000000218223628
5.2000000148473386
5.2000000211130395
5.4000000216904516
5.4000000154769889
5.4000000224830593
5.4000000190575204
5.4000000252860101
5.4000000190575221
5.4000000224830478
5.4000000154769454
5.4000000216904045
5.4000000212571484
5.4000000228038658
5.4000000230449894
5.4000000259892609
5.4000000260210976
5.40000002598926
5.4000000230449841
5.4000000228037539
5.4000000212570951
5.4000000213585464
5.4000000237145533
5.4000000256267358
5.4000000270937374
5.4000000295704869
5.4000000270937347
5.4000000256266389
5.4000000237144512
5.400000021358494
5.4000000212571457
5.4000000228039848
5.4000000230451484
5.4000000259893826
5.4000000260211865
5.4000000259893861
5.400000023045072
5.4000000228039191
5.4000000212571386
5.4000000216904533
5.40000001547702
5.4000000224830842
5.4000000190575674
5.4000000252860225
5.4000000190575843
5.4000000224831206
5.4000000154770351
5.400000021690424
5.600000022251284
5.6000000161243921
5.6000000231387661
5.6000000198096664
5.6000000260675389
5.6000000198096425
5.6000000231387626
5.6000000161244312
5.6000000222512778
5.6000000217803674
5.6000000236302627
5.6000000238730587
5.6000000268462555
5.6000000269082344
5.600000026846172
5.6000000238731111
5.6000000236303435
5.6000000217803967
5.6000000222678441
5.6000000244387858
5.6000000265129977
5.600000028039454
5.6000000305547308
5.600000028039422
5.6000000265130483
5.6000000244389554
5.6000000222679187
5.6000000217803265
5.6000000236301934
5.6000000238730294
5.6000000268462351
5.6000000269082539
5.600000026846212
5.6000000238730534
5.6000000236303578
5.6000000217803922
5.6000000222512769
5.6000000161243699
5.6000000231386915
5.6000000198096531
5.6000000260674963
5.6000000198096354
5.6000000231387475
5.600000016124441
5.6000000222512742
5.8000000227815089
5.8000000167895367
5.8000000237868079
5.8000000205648332
5.8000000268442857
5.8000000205648394
5.8000000237868017
5.8000000167894896
5.8000000227815045
5.8000000222925827
5.8000000244561303
5.8000000247069483
5.8000000276997632
5.8000000277919614
5.8000000276998165
5.8000000247069332
5.8000000244559669
5.8000000222924957
5.8000000231831068
5.8000000251608892
5.8000000274045247
5.8000000289895679
5.8000000315365039
5.8000000289896194
5.8000000274043773
5.8000000251606618
5.8000000231830038
5.8000000222925934
5.8000000244562697
5.8000000247071544
5.8000000276999035
5.8000000277920352
5.8000000276998831
5.8000000247069563
5.8000000244560415
5.8000000222925356
5.8000000227815152
5.8000000167895935
5.8000000237868319
5.8000000205648758
5.8000000268442982
5.800000020564875
5.8000000237868017
5.80000001678955
5.8000000227814885
6.0000000232793083
6.0000000174697616
6.0000000244250256
6.0000000213188684
6.0000000276240808
6.0000000213188658
6.0000000244249971
6.0000000174697394
6.0000000232792976
6.0000000227987247
6.0000000252811203
6.0000000255466297
6.0000000285533712
6.0000000286672037
6.0000000285532664
6.0000000255466217
6.0000000252810999
6.0000000227987309
6.0000000241016958
6.0000000258798698
6.0000000283035311
6.0000000299391196
6.0000000325227276
6.000000029939061
6.0000000283035062
6.0000000258800359
6.0000000241017277
6.0000000227986581
6.0000000252809933
6.0000000255465986
6.0000000285533286
6.0000000286671886
6.0000000285533552
6.0000000255466768
6.000000025281218
6.0000000227987584
6.0000000232792976
6.0000000174697252
6.0000000244249554
6.0000000213188516
6.0000000276240693
6.0000000213188791
6.0000000244250185
6.0000000174697856
6.0000000232793091
6.2000000237601824
6.2000000181591162
6.2000000250545755
6.2000000220674947
6.2000000284093142
6.2000000220675808
6.2000000250546048
6.200000018159181
6.2000000237601718
6.2000000232900563
6.2000000261076522
6.2000000263925097
6.2000000294109823
6.2000000295312878
6.2000000294110666
6.2000000263926767
6.2000000261077304
6.2000000232900483
6.2000000250363216
6.2000000265906579
6.2000000292127071
6.2000000308808998
6.2000000335177825
6.2000000308809042
6.2000000292126884
6.2000000265906712
6.2000000250363527
6.200000023290074
6.2000000261078192
6.2000000263927451
6.2000000294111564
6.2000000295313678
6.2000000294110826
6.2000000263926154
6.2000000261077677
6.2000000232900421
6.2000000237601931
6.2000000181591846
6.2000000250546057
6.2000000220675995
6.200000028409308
6.200000022067564
6.2000000250545853
6.200000018159173
6.2000000237601718
6.4000000242224635
6.4000000188578019
6.4000000256755207
6.4000000228072516
6.4000000291910686
6.4000000228072382
6.4000000256754337
6.4000000188577468
6.4000000242224298
6.4000000237714127
6.4000000269342161
6.4000000272458371
6.4000000302757947
6.4000000303892017
6.4000000302757245
6.4000000272456798
6.4000000269339212
6.4000000237713115
6.40000002598119
6.4000000272974464
6.4000000301296742
6.4000000318159342
6.4000000345147088
6.4000000318159573
6.400000030129581
6.4000000272973097
6.4000000259811864
6.4000000237713275
6.4000000269340669
6.4000000272457349
6.4000000302757609
6.4000000303892151
6.4000000302758497
6.4000000272457891
6.4000000269340989
6.4000000237713452
6.4000000242224386
6.400000018857761
6.400000025675423
6.4000000228072231
6.4000000291910641
6.4000000228072871
6.4000000256754817
6.4000000188578241
6.4000000242224502
6.6000000246610186
6.6000000195688804
6.6000000262879981
6.6000000235422966
6.6000000299610502
6.6000000235423224
6.6000000262880247
6.600000019568931
6.6000000246610169
6.6000000242537844
6.6000000277542448
6.6000000281057547
6.6000000311443729
6.6000000312460525
6.6000000311443623
6.6000000281058169
6.6000000277543247
6.600000024253819
6.6000000269213546
6.6000000280052005
6.6000000310562692
6.6000000327452799
6.6000000355068433
6.6000000327451298
6.6000000310561209
6.6000000280052342
6.6000000269213919
6.6000000242538386
6.6000000277544428
6.6000000281060371
6.6000000311445683
6.6000000312460916
6.6000000311443259
6.600000028105705
6.6000000277543727
6.600000024253819
6.600000024661032
6.6000000195689728
6.6000000262880532
6.600000023542373
6.6000000299610377
6.6000000235423126
6.6000000262879839
6.6000000195689452
6.6000000246610018
6.8000000250752715
6.8000000202919706
6.8000000268932324
6.8000000242763941
6.8000000307144504
6.80000002427645
6.8000000268932288
6.8000000202919404
6.8000000250752244
6.8000000247421806
6.8000000285661883
6.8000000289725611
6.8000000320155838
6.800000032102834
6.8000000320156477
6.800000028972649
6.8000000285661377
6.800000024742145
6.8000000278491024
6.8000000287208451
6.8000000319903791
6.8000000336688196
6.8000000364965034
6.8000000336690665
6.8000000319906135
6.8000000287209525
6.8000000278491477
6.8000000247420989
6.8000000285660365
6.8000000289724669
6.800000032015566
6.8000000321029184
6.8000000320158325
6.8000000289727307
6.8000000285662781
6.8000000247421646
6.800000025075235
6.8000000202919146
6.8000000268931409
6.800000024276418
6.8000000307144841
6.8000000242764971
6.8000000268932546
6.800000020291991
6.8000000250752439
7.0000000254684442
7.0000000210228706
7.0000000274973386
7.0000000250019685
7.0000000314512398
7.0000000250019809
7.0000000274972649
7.0000000210228555
7.0000000254684034
7.0000000252367522
7.0000000293686657
7.0000000298438954
7.000000032892137
7.0000000329613359
7.0000000328919736
7.0000000298437461
7.0000000293684534
7.0000000252366794
7.0000000287581958
7.0000000294486089
7.0000000329339551
7.0000000345856286
7.0000000374836597
7.0000000345854545
7.0000000329336416
7.0000000294483291
7.0000000287581319
7.0000000252367833
7.0000000293688371
7.0000000298440739
7.0000000328921841
7.0000000329612444
7.0000000328919549
7.0000000298437293
7.0000000293686169
7.0000000252367292
7.0000000254684531
7.0000000210229469
7.0000000274973262
7.0000000250020111
7.0000000314512105
7.0000000250019623
7.0000000274972525
7.0000000210229141
7.0000000254684167
7.2000000258415477
7.2000000217640654
7.2000000281046388
7.200000025719703
7.2000000321718627
7.2000000257197501
7.2000000281046672
7.2000000217641409
7.2000000258415424
7.2000000257377463
7.2000000301591527
7.2000000307169252
7.2000000337742485
7.2000000338193866
7.2000000337742547
7.2000000307170851
7.2000000301592575
7.200000025737781
7.2000000296442375
7.2000000301957403
7.2000000338845158
7.2000000354955809
7.2000000384723295
7.2000000354956279
7.2000000338846437
7.2000000301959348
7.2000000296443414
7.2000000257376966
7.2000000301591127
7.2000000307170176
7.2000000337744421
7.2000000338195935
7.2000000337744181
7.2000000307170335
7.2000000301593028
7.2000000257377881
7.2000000258415371
7.2000000217640796
7.2000000281046184
7.2000000257197874
7.2000000321719408
7.2000000257197971
7.2000000281046521
7.2000000217641391
7.2000000258415389
7.4000000261983283
7.4000000225096496
7.4000000287131167
7.4000000264333377
7.4000000328742441
7.4000000264333448
7.4000000287130669
7.400000022509623
7.4000000261982484
7.4000000262447019
7.4000000309404124
7.4000000315937262
7.4000000346607608
7.4000000346753039
7.4000000346606996
7.4000000315936942
7.4000000309402099
7.4000000262446246
7.4000000305054394
7.4000000309628389
7.4000000348361352
7.400000036404272
7.4000000394612178
7.4000000364043705
7.4000000348361441
7.4000000309627749
7.400000030505419
7.4000000262446664
7.4000000309403626
7.4000000315936747
7.4000000346606321
7.4000000346751618
7.4000000346607537
7.4000000315937653
7.4000000309404488
7.400000026244677
7.4000000261983114
7.4000000225096452
7.4000000287130279
7.4000000264332959
7.4000000328741944
7.4000000264333377
7.4000000287131051
7.4000000225096896
7.4000000261982963
7.6000000265294769
7.6000000232588967
7.6000000293217349
7.6000000271416273
7.6000000335579063
7.600000027141685
7.600000029321734
7.600000023258958
7.6000000265294494
7.6000000267583498
7.6000000317152336
7.6000000324727424
7.6000000355501571
7.6000000355322657
7.6000000355501092
7.600000032472809
7.6000000317152319
7.6000000267583614
7.6000000313394249
7.6000000317474479
7.6000000357899129
7.6000000373154046
7.6000000404439447
7.6000000373152687
7.6000000357897379
7.6000000317473546
7.6000000313394089
7.6000000267583836
7.6000000317154086
7.6000000324730461
7.6000000355504049
7.6000000355324184
7.6000000355501767
7.6000000324726935
7.6000000317152452
7.6000000267583605
7.6000000265294876
7.6000000232589775
7.600000029321798
7.6000000271417552
7.6000000335579925
7.6000000271416717
7.6000000293217278
7.600000023258934
7.6000000265294263
7.8000000268181129
7.8000000240205436
7.8000000299258749
7.8000000278474966
7.8000000342236646
7.8000000278474824
7.8000000299258208
7.8000000240205631
7.8000000268180729
7.8000000272918202
7.8000000324793302
7.8000000333582848
7.8000000364402045
7.8000000363899122
7.8000000364400703
7.8000000333582289
7.8000000324792378
7.80000002729179
7.8000000321385512
7.8000000325524308
7.8000000367403119
7.8000000382321408
7.8000000414218782
7.8000000382322145
7.8000000367404034
7.8000000325525445
7.8000000321386276
7.8000000272917323
7.8000000324791525
7.8000000333581081
7.8000000364401032
7.8000000363899051
7.8000000364402133
7.8000000333582955
7.800000032479411
7.8000000272918282
7.8000000268180871
7.8000000240204885
7.8000000299257461
7.8000000278474566
7.8000000342237019
7.8000000278475285
7.8000000299259096
7.8000000240206004
7.8000000268180978
8.000000027065294
8.0000000247952965
8.0000000305198942
8.0000000285517086
8.0000000348693874
8.000000028551792
8.0000000305198959
8.0000000247953214
8.0000000270652851
8.000000027851021
8.0000000332280106
8.0000000342561197
8.0000000373259148
8.0000000372529048
8.0000000373260036
8.0000000342561588
8.000000033227824
8.0000000278509855
8.0000000328976064
8.0000000333792425
8.0000000376872809
8.0000000391577828
8.0000000423920845
8.0000000391577881
8.0000000376871032
8.0000000333789814
8.0000000328975354
8.0000000278510779
8.0000000332282557
8.0000000342563755
8.0000000373260622
8.0000000372528568
8.0000000373259912
8.0000000342560842
8.0000000332279537
8.0000000278510317
8.0000000270653544
8.0000000247954226
8.0000000305199741
8.0000000285517707
8.0000000348693909
8.0000000285517441
8.0000000305198746
8.0000000247953622
8.0000000270652869
8.2000000272617743
8.2000000255877037
8.2000000310962697
8.2000000292568647
8.2000000354933746
8.2000000292568558
8.2000000310962147
8.2000000255877605
8.2000000272617726
8.2000000284402859
8.2000000339605634
8.2000000351669229
8.2000000382089144
8.2000000381206295
8.2000000382088061
8.2000000351669176
8.2000000339605812
8.2000000284403338
8.2000000336168632
8.2000000342277648
8.2000000386282945
8.2000000400922719
8.2000000433517783
8.2000000400922808
8.2000000386284313
8.2000000342280437
8.2000000336169609
8.2000000284402201
8.2000000339603876
8.2000000351668092
8.2000000382090263
8.2000000381207592
8.2000000382090228
8.2000000351669069
8.2000000339606576
8.2000000284403622
8.2000000272617442
8.2000000255876433
8.2000000310961401
8.2000000292569215
8.200000035493499
8.2000000292569375
8.2000000310962253
8.2000000255877783
8.2000000272617726
8.400000027391604
8.4000000264042871
8.4000000316499168
8.4000000299674795
8.4000000360971629
8.4000000299675825
8.4000000316498511
8.4000000264043493
8.4000000273916218
8.4000000290626868
8.4000000346763937
8.4000000360892297
8.4000000390876384
8.4000000389940439
8.4000000390876224
8.4000000360892475
8.4000000346762107
8.4000000290626087
8.4000000342941394
8.4000000350994757
8.4000000395686296
8.4000000410323423
8.4000000443068679
8.4000000410323938
8.4000000395684875
8.4000000350992305
8.4000000342940648
8.4000000290627526
8.4000000346766104
8.4000000360894358
8.4000000390876615
8.4000000389938876
8.4000000390875638
8.4000000360892439
8.4000000346764594
8.4000000290626531
8.4000000273916449
8.4000000264043919
8.4000000316499559
8.4000000299675079
8.4000000360971381
8.4000000299674884
8.4000000316498973
8.4000000264044274
8.4000000273915969
8.6000000274681483
8.6000000272363621
8.6000000321868519
8.6000000306826312
8.6000000366735172
8.6000000306826294
8.6000000321867809
8.6000000272363817
8.6000000274681252
8.6000000297119268
8.6000000353820152
8.6000000370189831
8.6000000399643763
8.6000000398725458
8.6000000399643284
8.6000000370189991
8.6000000353819352
8.6000000297118735
8.6000000349361052
8.6000000359866906
8.6000000405086094
8.6000000419785643
8.6000000452571204
8.6000000419785856
8.6000000405086379
8.6000000359867048
8.6000000349361105
8.6000000297118415
8.6000000353818447
8.6000000370189635
8.6000000399644847
8.6000000398727199
8.600000039964506
8.6000000370189387
8.6000000353819406
8.6000000297118735
8.6000000274681359
8.6000000272363515
8.6000000321867525
8.6000000306826401
8.6000000366736113
8.6000000306826934
8.6000000321867667
8.6000000272363604
8.6000000274680755
8.8000000275139687
8.8000000280706132
8.8000000327159817
8.8000000314028206
8.8000000372242049
8.8000000314028952
8.8000000327159675
8.8000000280706789
8.8000000275139634
8.8000000303777526
8.8000000360817108
8.8000000379517562
8.8000000408394694
8.800000040758043
8.8000000408394108
8.800000037951909
8.8000000360817943
8.8000000303778254
8.8000000355470984
8.8000000368880347
8.8000000414538651
8.8000000429283887
8.8000000462010615
8.8000000429284277
8.8000000414539485
8.800000036888127
8.8000000355471641
8.8000000303778076
8.8000000360818866
8.8000000379519836
8.80000004083956
8.8000000407579773
8.8000000408394428
8.8000000379518895
8.8000000360819399
8.8000000303778609
8.8000000275139527
8.8000000280706772
8.8000000327160137
8.8000000314028366
8.8000000372242599
8.8000000314028579
8.80000003271598
8.8000000280707464
8.8000000275139776
9.000000027533579
9.0000000289060882
9.0000000332391217
9.0000000321265059
9.0000000377510876
9.0000000321265521
9.0000000332389742
9.0000000289060242
9.0000000275335346
9.0000000310613171
9.0000000367747219
9.0000000388903576
9.0000000417126369
9.0000000416473398
9.0000000417125481
9.0000000388902208
9.0000000367744146
9.0000000310612247
9.000000036125094
9.0000000378051848
9.0000000424012061
9.0000000438835492
9.0000000471395207
9.0000000438836132
9.0000000424011279
9.0000000378050267
9.0000000361250123
9.0000000310612887
9.0000000367745674
9.0000000388902937
9.0000000417126618
9.0000000416473238
9.0000000417126973
9.0000000388902404
9.0000000367745461
9.0000000310612798
9.000000027533531
9.0000000289060473
9.0000000332389885
9.0000000321264917
9.0000000377511231
9.0000000321265805
9.0000000332390222
9.0000000289060615
9.0000000275335346
9.2000000275332408
9.2000000297460787
9.2000000337526249
9.2000000328501823
9.2000000382585423
9.2000000328502178
9.200000033752632
9.2000000297461497
9.2000000275332283
9.2000000317614923
9.2000000374575155
9.2000000398367803
9.2000000425830013
9.2000000425431789
9.2000000425829533
9.200000039836862
9.2000000374575457
9.2000000317614798
9.2000000366686301
9.200000038739514
9.200000043348167
9.2000000448456181
9.2000000480684356
9.2000000448455648
9.2000000433481102
9.2000000387396152
9.2000000366686621
9.2000000317615331
9.2000000374576292
9.2000000398369881
9.2000000425832162
9.2000000425432091
9.2000000425829871
9.2000000398367963
9.2000000374576398
9.2000000317615171
9.2000000275332532
9.2000000297461249
9.2000000337526195
9.2000000328502605
9.2000000382586045
9.2000000328502427
9.2000000337526355
9.2000000297461586
9.2000000275332532
9.4000000275231486
9.4000000305912259
9.400000034259147
9.4000000335738854
9.4000000387440785
9.4000000335739671
9.4000000342591488
9.4000000305912792
9.4000000275230864
9.4000000324716524
9.4000000381333226
9.4000000407863649
9.4000000434535949
9.4000000434429687
9.4000000434535806
9.4000000407864466
9.4000000381332036
9.4000000324716186
9.400000037180245
9.4000000396920669
9.4000000442957443
9.4000000458184463
9.4000000489848876
9.4000000458186435
9.4000000442958775
9.400000039692042
9.4000000371802539
9.4000000324715796
9.4000000381332693
9.4000000407863258
9.4000000434535185
9.4000000434428532
9.4000000434536872
9.4000000407864146
9.4000000381333972
9.4000000324716524
9.4000000275231237
9.4000000305912419
9.4000000342590813
9.4000000335738321
9.4000000387440714
9.4000000335739493
9.4000000342591683
9.4000000305913325
9.4000000275230757
9.6000000275043647
9.6000000314379417
9.6000000347636707
9.6000000342978513
9.6000000392082896
9.6000000342978851
9.6000000347635979
9.6000000314379754
9.6000000275042954
9.6000000331856512
9.6000000388056783
9.6000000417373137
9.6000000443227513
9.600000044346622
9.6000000443225932
9.6000000417372586
9.6000000388055398
9.6000000331856086
9.6000000376665167
9.6000000406597152
9.6000000452468157
9.6000000467997708
9.6000000498942555
9.6000000467997033
9.6000000452466185
9.6000000406596406
9.6000000376665096
9.6000000331856494
9.6000000388057565
9.6000000417374167
9.600000044322881
9.6000000443466664
9.6000000443227158
9.6000000417372391
9.6000000388056694
9.600000033185685
9.6000000275043398
9.6000000314379701
9.6000000347636494
9.6000000342978975
9.6000000392083642
9.6000000342979011
9.6000000347636263
9.6000000314379967
9.6000000275043256
9.8000000274782515
9.8000000322845526
9.8000000352621193
9.8000000350179413
9.8000000396600893
9.8000000350179963
9.8000000352621353
9.8000000322845917
9.800000027478271
9.8000000339009432
9.8000000394777977
9.8000000426901401
9.800000045191819
9.8000000452510818
9.8000000451918492
9.8000000426903284
9.8000000394777409
9.800000033900897
9.8000000381351651
9.8000000416374462
9.8000000461992034
9.8000000477889078
9.8000000507977578
9.8000000477890463
9.8000000461992798
9.8000000416374426
9.800000038135158
9.8000000339009112
9.8000000394777675
9.8000000426901543
9.8000000451918243
9.8000000452509255
9.800000045191819
9.8000000426901863
9.8000000394777924
9.8000000339009183
9.8000000274782817
9.8000000322845615
9.8000000352620678
9.8000000350179164
9.8000000396600839
9.8000000350179306
9.8000000352621619
9.800000032284558
9.8000000274782622
10.000000027451525
10.000000033130513
10.000000035759076
10.000000035732315
10.00000004010459
10.000000035732315
10.000000035758916
10.000000033130508
10.000000027451474
10.000000034611443
10.00000004015023
10.000000043644734
10.000000046060883
10.000000046154042
10.00000004606065
10.000000043644675
10.000000040150084
10.000000034611455
10.000000038588682
10.000000042625707
10.000000047153206
10.000000048784944
10.000000051699699
10.000000048784843
10.000000047153021
10.00000004262575
10.000000038588723
10.000000034611491
10.000000040150308
10.000000043644862
10.000000046060974
10.000000046154089
10.000000046060903
10.000000043644745
10.000000040150377
10.000000034611544
10.000000027451522
10.000000033130533
10.000000035759042
10.000000035732352
10.000000040104657
10.000000035732347
10.000000035759058
10.000000033130579
10.000000027451506
10.200000027433314
10.200000033971284
10.20000003625791
10.200000036442352
10.200000040541768
10.200000036442415
10.200000036257821
10.200000033971328
10.200000027433259
10.200000035308635
10.200000040829718
10.200000044597688
10.200000046928807
10.200000047058627
10.200000046928926
10.200000044597834
10.200000040829579
10.20000003530858
10.200000039032814
10.200000043620554
10.200000048111155
10.20000004979021
10.200000052593909
10.200000049790461
10.200000048111184
10.200000043620511
10.200000039032751
10.200000035308623
10.200000040829707
10.200000044597678
10.200000046928871
10.200000047058554
10.200000046928965
10.200000044597639
10.200000040829602
10.200000035308546
10.200000027433321
10.200000033971293
10.200000036257878
10.200000036442315
10.200000040541847
10.20000003644239
10.200000036257837
10.200000033971305
10.200000027433266
10.400000027416736
10.400000034803909
10.400000036758632
10.400000037146706
10.400000040976545
10.400000037146667
10.40000003675849
10.400000034803972
10.400000027416713
10.400000035991674
10.40000004151514
10.400000045550518
10.400000047797782
10.40000004796093
10.400000047797477
10.400000045550385
10.400000041515153
10.400000035991667
10.400000039470395
10.400000044622658
10.400000049069966
10.400000050803824
10.400000053484336
10.400000050803587
10.400000049069742
10.400000044622706
10.400000039470486
10.400000035991678
10.400000041515261
10.400000045550609
10.400000047797855
10.40000004796085
10.400000047797635
10.400000045550421
10.40000004151538
10.400000035991717
10.400000027416704
10.400000034803984
10.400000036758623
10.400000037146725
10.400000040976614
10.400000037146679
10.400000036758579
10.400000034804044
10.400000027416713
10.600000027401911
10.600000035628643
10.600000037266119
10.60000003784258
10.600000041411796
10.600000037842667
10.600000037266033
10.600000035628703
10.600000027401876
10.600000036662701
10.600000042205732
10.600000046501602
10.600000048667384
10.600000048860835
10.60000004866755
10.600000046501751
10.600000042205579
10.600000036662626
10.60000003989961
10.600000045634479
10.600000050028635
10.600000051826378
10.600000054369916
10.600000051826571
10.600000050028695
10.600000045634362
10.600000039899594
10.600000036662678
10.600000042205769
10.600000046501661
10.600000048667487
10.600000048860721
10.600000048667576
10.600000046501643
10.60000004220564
10.600000036662662
10.60000002740194
10.600000035628673
10.600000037266071
10.600000037842577
10.600000041411889
10.60000003784263
10.600000037266076
10.600000035628677
10.60000002740188
10.800000027395626
10.800000036441237
10.800000037775073
10.800000038526543
10.800000041844406
10.800000038526571
10.800000037774954
10.800000036441263
10.800000027395575
10.800000037319135
10.800000042903322
10.800000047456631
10.800000049535816
10.800000049765757
10.800000049535688
10.800000047456653
10.800000042903214
10.800000037319117
10.80000004031559
10.800000046655915
10.800000050984693
10.800000052860316
10.800000055245439
10.800000052860256
10.800000050984611
10.800000046656002
10.800000040315625
10.800000037319078
10.800000042903266
10.800000047456649
10.800000049535877
10.800000049765719
10.800000049535841
10.800000047456644
10.800000042903438
10.800000037319132
10.800000027395587
10.800000036441203
10.800000037775057
10.800000038526548
10.800000041844521
10.80000003852661
10.80000003777498
10.800000036441274
10.800000027395619
11.000000027403471
11.000000037240481
11.000000038285652
11.000000039201211
11.000000042274081
11.000000039201224
11.000000038285645
11.000000037240589
11.00000002740345
11.000000037959731
11.000000043608839
11.000000048413712
11.00000005040217
11.000000050674325
11.000000050402091
11.00000004841386
11.000000043608715
11.00000003795968
11.000000040719424
11.000000047687811
11.00000005193818
11.000000053906614
11.000000056112412
11.000000053906534
11.000000051938004
11.000000047687767
11.000000040719383
11.000000037959781
11.00000004360904
11.000000048413959
11.000000050402235
11.000000050674089
11.000000050402063
11.000000048413689
11.000000043608868
11.000000037959721
11.000000027403519
11.000000037240619
11.000000038285744
11.000000039201197
11.000000042274095
11.000000039201181
11.000000038285682
11.000000037240582
11.00000002740348
11.200000027435738
11.20000003801732
11.200000038802411
11.200000039867589
11.200000042705254
11.2000000398676
11.200000038802314
11.200000038017391
11.200000027435701
11.200000038579997
11.200000044328538
11.200000049370241
11.200000051266626
11.200000051584546
11.200000051266569
11.200000049370271
11.200000044328299
11.200000038579915
11.200000041115342
11.200000048722849
11.2000000528949
11.20000005495803
11.200000056979203
11.20000005495819
11.200000052894952
11.200000048722883
11.200000041115292
11.200000038579942
11.200000044328318
11.200000049370122
11.200000051266708
11.200000051584651
11.20000005126689
11.200000049370352
11.200000044328494
11.200000038579969
11.200000027435676
11.200000038017235
11.200000038802331
11.200000039867646
11.200000042705442
11.200000039867746
11.200000038802441
11.200000038017349
11.200000027435689
11.40000002749672
11.400000038768027
11.400000039324743
11.400000040522427
11.400000043138636
11.400000040522484
11.400000039324681
11.400000038768184
11.400000027496631
11.400000039172882
11.400000045065291
11.400000050325353
11.400000052132915
11.400000052492999
11.400000052132885
11.400000050325545
11.400000045065299
11.400000039172935
11.400000041516103
11.400000049758219
11.400000053856269
11.400000056013653
11.400000057847135
11.400000056013535
11.400000053856107
11.400000049758257
11.400000041516112
11.400000039172959
11.400000045065587
11.400000050325623
11.400000052132969
11.400000052492674
11.400000052132693
11.400000050325289
11.400000045065438
11.400000039172932
11.400000027496734
11.400000038768123
11.400000039324778
11.400000040522404
11.400000043138633
11.400000040522359
11.400000039324654
11.400000038768123
11.400000027496665
11.60000002758076
11.600000039497209
11.600000039849421
11.600000041168052
11.600000043574294
11.600000041168089
11.600000039849304
11.600000039497305
11.600000027580728
11.600000039733818
11.600000045820959
11.600000051277386
11.600000053001084
11.600000053400603
11.600000053001079
11.600000051277418
11.600000045820716
11.600000039733789
11.600000041927702
11.600000050792977
11.600000054823708
11.600000057071378
11.600000058716471
11.600000057071467
11.600000054823743
11.600000050793021
11.600000041927677
11.600000039733761
11.600000045820824
11.600000051277329
11.600000053001228
11.600000053400684
11.600000053001409
11.600000051277444
11.60000004582092
11.600000039733795
11.600000027580762
11.600000039497235
11.600000039849382
11.600000041168045
11.600000043574493
11.600000041168126
11.600000039849434
11.600000039497326
11.600000027580709
11.800000027679884
11.800000040209319
11.800000040369868
11.800000041805731
11.800000044009966
11.80000004180571
11.800000040369772
11.800000040209385
11.800000027679838
11.800000040269248
11.800000046595239
11.80000005222826
11.800000053871178
11.800000054307894
11.800000053871045
11.800000052228208
11.800000046595079
11.800000040269181
11.800000042347534
11.800000051822133
11.800000055800233
11.800000058131747
11.800000059588102
11.800000058131658
11.800000055800105
11.800000051822092
11.800000042347527
11.800000040269188
11.800000046595303
11.800000052228224
11.800000053871166
11.80000005430778
11.800000053871095
11.800000052228119
11.800000046595201
11.800000040269248
11.800000027679909
11.800000040209337
11.800000040369882
11.800000041805671
11.800000044010032
11.80000004180568
11.80000004036981
11.800000040209381
11.800000027679895
12.000000027783852
12.000000040905453
12.000000040881638
12.000000042437112
12.000000044440378
12.000000042437195
12.000000040881563
12.000000040905576
12.000000027783816
12.000000040787357
12.000000047384718
12.000000053181568
12.000000054740262
12.000000055219797
12.000000054740322
12.000000053181788
12.000000047384709
12.000000040787388
12.000000042767706
12.000000052849883
12.00000005678347
12.000000059192137
12.00000006046317
12.000000059192184
12.000000056783396
12.000000052849932
12.000000042767653
12.000000040787425
12.00000004738499
12.000000053181765
12.000000054740417
12.000000055219612
12.000000054740294
12.00000005318163
12.000000047384857
12.000000040787452
12.000000027783901
12.000000040905528
12.000000040881673
12.00000004243712
12.00000004444037
12.000000042437144
12.00000004088157
12.000000040905579
12.00000002778383
12.200000027875275
12.200000041590656
12.200000041380765
12.200000043068028
12.200000044863389
12.200000043068052
12.200000041380576
12.200000041590689
12.200000027875189
12.200000041301658
12.200000048187267
12.200000054139517
12.200000055608532
12.200000056135243
12.200000055608351
12.200000054139439
12.200000048187036
12.20000004130161
12.200000043170855
12.200000053880867
12.200000057769007
12.200000060256817
12.200000061336953
12.200000060256892
12.200000057769046
12.200000053880977
12.200000043170881
12.200000041301539
12.200000048187043
12.200000054139352
12.2000000556086
12.200000056135456
12.200000055608738
12.200000054139531
12.200000048187249
12.200000041301637
12.200000027875205
12.20000004159051
12.200000041380676
12.200000043068025
12.200000044863536
12.200000043068133
12.200000041380719
12.200000041590702
12.200000027875202
12.400000027962459
12.400000042258275
12.400000041873843
12.400000043692803
12.40000004527584
12.400000043692922
12.400000041873826
12.400000042258378
12.400000027962443
12.400000041811534
12.400000049002431
12.400000055099921
12.400000056477708
12.40000005705738
12.400000056477813
12.400000055100035
12.400000049002257
12.400000041811531
12.400000043564704
12.400000054911672
12.40000005876098
12.400000061322775
12.400000062211531
12.400000061322656
12.400000058760741
12.40000005491151
12.400000043564569
12.400000041811603
12.400000049002724
12.400000055100142
12.400000056477761
12.400000057056985
12.400000056477559
12.40000005509981
12.400000049002381
12.40000004181155
12.400000027962486
12.400000042258393
12.400000041873945
12.400000043692751
12.400000045275851
12.400000043692739
12.400000041873811
12.400000042258357
12.400000027962452
12.600000028054364
12.60000004290101
12.600000042366649
12.600000044309162
12.600000045674964
12.600000044309152
12.60000004236656
12.600000042901014
12.600000028054314
12.600000042311365
12.600000049837096
12.600000056058528
12.600000057348735
12.6000000579873
12.600000057348614
12.600000056058583
12.600000049836975
12.600000042311345
12.600000043947789
12.600000055940724
12.600000059760642
12.600000062389984
12.600000063083979
12.600000062389983
12.600000059760712
12.600000055940953
12.600000043947832
12.600000042311287
12.600000049837
12.600000056058425
12.600000057348876
12.600000057987552
12.600000057349014
12.600000056058645
12.600000049837103
12.600000042311409
12.600000028054321
12.600000042900881
12.600000042366569
12.60000004430918
12.600000045675165
12.600000044309276
12.600000042366686
12.600000042901021
12.600000028054319
12.800000028148455
12.800000043517903
12.800000042858978
12.80000004491149
12.800000046053718
12.800000044911579
12.80000004285893
12.800000043518004
12.800000028148437
12.800000042798068
12.800000050693498
12.800000057014108
12.800000058226415
12.800000058927688
12.800000058226434
12.800000057014147
12.800000050693342
12.800000042798073
12.800000044322431
12.800000056967722
12.800000060767999
12.800000063457579
12.80000006395132
12.800000063457578
12.800000060767884
12.800000056967614
12.800000044322356
12.80000004279807
12.800000050693605
12.800000057014129
12.800000058226354
12.800000058927404
12.800000058226322
12.80000005701406
12.80000005069347
12.800000042798089
12.800000028148444
12.800000043517919
12.800000042858978
12.800000044911386
12.800000046053739
12.800000044911489
12.800000042858933
12.80000004351796
12.800000028148423
13.00000002825133
13.00000004410748
13.000000043350667
13.000000045496371
13.000000046415117
13.000000045496405
13.000000043350592
13.000000044107573
13.000000028251236
13.000000043268063
13.000000051569407
13.000000057970778
13.000000059108123
13.000000059879092
13.000000059108119
13.000000057970842
13.00000005156928
13.000000043268019
13.000000044700242
13.000000057990427
13.000000061781815
13.000000064523247
13.000000064817094
13.00000006452313
13.000000061781659
13.000000057990388
13.000000044700164
13.000000043268045
13.000000051569652
13.000000057971032
13.000000059108361
13.000000059879138
13.000000059108267
13.000000057970887
13.000000051569435
13.000000043268075
13.000000028251316
13.000000044107553
13.00000004335072
13.000000045496465
13.000000046415233
13.000000045496458
13.000000043350674
13.000000044107576
13.000000028251261
13.200000028359417
13.200000044671784
13.200000043836448
13.200000046066384
13.200000046764888
13.200000046066403
13.200000043836399
13.200000044671869
13.20000002835936
13.200000043722776
13.200000052461494
13.200000058934497
13.200000059992403
13.20000006084036
13.200000059992254
13.200000058934496
13.200000052461389
13.200000043722767
13.20000004508257
13.200000059011057
13.2000000627999
13.200000065585929
13.200000065686186
13.20000006558594
13.200000062799953
13.200000059011247
13.200000045082591
13.200000043722635
13.200000052461268
13.200000058934174
13.200000059992243
13.200000060840212
13.200000059992277
13.200000058934373
13.200000052461368
13.200000043722788
13.200000028359357
13.200000044671675
13.200000043836312
13.200000046066251
13.200000046764956
13.200000046066355
13.200000043836363
13.200000044671828
13.200000028359378
13.400000028471663
13.400000045214002
13.400000044315451
13.400000046613517
13.400000047109669
13.400000046613574
13.400000044315437
13.400000045214158
13.400000028471586
13.400000044159967
13.400000053371471
13.40000005990168
13.400000060882462
13.400000061808726
13.400000060882558
13.40000005990189
13.400000053371365
13.400000044159937
13.400000045467422
13.400000060029319
13.40000006382593
13.400000066642889
13.400000066560375
13.400000066642914
13.400000063825859
13.400000060029233
13.40000004546733
13.400000044160073
13.400000053371937
13.400000059902114
13.400000060882705
13.40000006180866
13.400000060882642
13.400000059902009
13.400000053371624
13.400000044160112
13.400000028471686
13.400000045214211
13.400000044315643
13.40000004661354
13.400000047109778
13.400000046613609
13.400000044315542
13.400000045214247
13.400000028471629
13.600000028572195
13.600000045740149
13.600000044783402
13.600000047137742
13.600000047450012
13.600000047137755
13.600000044783259
13.600000045740178
13.600000028572163
13.600000044577694
13.600000054299082
13.600000060876527
13.600000061780847
13.600000062779991
13.600000061780676
13.600000060876456
13.600000054298999
13.600000044577691
13.600000045852697
13.600000061049244
13.600000064853925
13.600000067693715
13.6000000674433
13.600000067693557
13.60000006485383
13.600000061049373
13.600000045852699
13.60000004457755
13.600000054298796
13.600000060876136
13.600000061780735
13.600000062779918
13.60000006178068
13.600000060876251
13.600000054298878
13.600000044577705
13.600000028572129
13.600000045739952
13.600000044783254
13.600000047137605
13.600000047450084
13.600000047137726
13.600000044783233
13.600000045740137
13.60000002857211
13.800000028656843
13.800000046253691
13.800000045234992
13.800000047645723
13.800000047782722
13.80000004764578
13.800000045234922
13.800000046253791
13.800000028656774
13.800000044974059
13.800000055243546
13.800000061858372
13.800000062684976
13.800000063756018
13.8000000626851
13.800000061858524
13.800000055243483
13.800000044974119
13.800000046238928
13.800000062072256
13.800000065885348
13.800000068737086
13.800000068334569
13.800000068737061
13.800000065885303
13.800000062072284
13.800000046238814
13.800000044974171
13.800000055243954
13.800000061858702
13.800000062685122
13.800000063755911
13.800000062685093
13.800000061858668
13.800000055243764
13.800000044974233
13.800000028656855
13.80000004625378
13.800000045235073
13.80000004764573
13.800000047782724
13.800000047645756
13.80000004523502
13.800000046253825
13.800000028656793
14.000000028730613
14.000000046753389
14.000000045671648
14.000000048137048
14.000000048105685
14.000000048137034
14.000000045671586
14.000000046753419
14.000000028730518
14.000000045350394
14.00000005620495
14.00000006284961
14.000000063595854
14.000000064736074
14.00000006359581
14.00000006284953
14.000000056204712
14.000000045350371
14.000000046624558
14.000000063098403
14.000000066921341
14.000000069773781
14.000000069234543
14.000000069773773
14.000000066921263
14.000000063098325
14.0000000466245
14.000000045350303
14.000000056204852
14.00000006284942
14.000000063595893
14.000000064736058
14.000000063595888
14.000000062849457
14.000000056204716
14.000000045350387
14.00000002873055
14.000000046753287
14.00000004567161
14.000000048136981
14.000000048105814
14.000000048137066
14.000000045671548
14.000000046753376
14.000000028730517
14.200000028793211
14.20000004723698
14.200000046095292
14.200000048608437
14.200000048421842
14.200000048608425
14.200000046095248
14.200000047237062
14.200000028793182
14.200000045706807
14.200000057182661
14.200000063849521
14.200000064515015
14.200000065717099
14.200000064514995
14.200000063849641
14.200000057182729
14.20000004570687
14.200000047006856
14.200000064129247
14.200000067957673
14.200000070806089
14.200000070142968
14.200000070805995
14.200000067957701
14.200000064129478
14.200000047006906
14.200000045706778
14.200000057182809
14.200000063849554
14.200000064515057
14.200000065716937
14.200000064515001
14.200000063849659
14.200000057182846
14.200000045706952
14.200000028793232
14.200000047237008
14.200000046095312
14.200000048608352
14.2000000484219
14.200000048608437
14.20000004609528
14.200000047237113
14.200000028793152
14.400000028840203
14.400000047706721
14.400000046507545
14.40000004905774
14.400000048726604
14.400000049057788
14.400000046507405
14.400000047706781
14.400000028840116
14.40000004604388
14.400000058177694
14.400000064856645
14.400000065444123
14.400000066698835
14.400000065444127
14.40000006485657
14.400000058177406
14.400000046043813
14.400000047388923
14.400000065162413
14.400000068999486
14.400000071831936
14.400000071058827
14.400000071831888
14.400000068999232
14.400000065162178
14.400000047388751
14.40000004604385
14.400000058177847
14.400000064856643
14.400000065444205
14.400000066698802
14.400000065444152
14.400000064856547
14.400000058177479
14.40000004604385
14.400000028840189
14.40000004770674
14.400000046507573
14.400000049057695
14.40000004872671
14.400000049057825
14.400000046507442
14.400000047706714
14.400000028840115
14.600000028865885
14.600000048159414
14.60000004690542
14.600000049486889
14.600000049016128
14.600000049486919
14.600000046905325
14.600000048159526
14.600000028865887
14.600000046362199
14.60000005919448
14.600000065870077
14.600000066385691
14.600000067679998
14.600000066385572
14.600000065870185
14.600000059194457
14.600000046362274
14.600000047776128
14.600000066191503
14.600000070045558
14.600000072853039
14.600000071981819
14.600000072853016
14.600000070045716
14.600000066191802
14.60000004777616
14.600000046362137
14.600000059194496
14.600000065870011
14.600000066385702
14.600000067679986
14.600000066385723
14.600000065870287
14.600000059194574
14.600000046362313
14.600000028865857
14.600000048159384
14.600000046905375
14.60000004948685
14.600000049016179
14.600000049486953
14.600000046905343
14.60000004815956
14.600000028865843
14.800000028856202
14.800000048600825
14.80000004728174
14.800000049901868
14.800000049291558
14.8000000499019
14.800000047281733
14.800000048600914
14.800000028856154
14.800000046671101
14.800000060231064
14.800000066890863
14.800000067337706
14.800000068658747
14.800000067337734
14.800000066890997
14.800000060231016
14.800000046671116
14.80000004816049
14.800000067221438
14.800000071094537
14.80000007387396
14.800000072908549
14.800000073873846
14.800000071094402
14.800000067221456
14.800000048160459
14.8000000466711
14.800000060231223
14.800000066890941
14.800000067337759
14.800000068658656
14.800000067337615
14.800000066890801
14.800000060230929
14.800000046671119
14.800000028856186
14.800000048600868
14.800000047281786
14.800000049901854
14.800000049291631
14.800000049901874
14.800000047281666
14.800000048600875
14.80000002885609
15.000000028808108
15.000000049031184
15.00000004763336
15.000000050302649
15.000000049549374
15.000000050302608
15.00000004763328
15.000000049031176
15.000000028808012
15.000000046972707
15.000000061283348
15.000000067924718
15.000000068300769
15.000000069634194
15.000000068300659
15.000000067924573
15.000000061282975
15.000000046972659
15.000000048538856
15.000000068258052
15.000000072142191
15.000000074891016
15.00000007384617
15.000000074890965
15.000000072142051
15.000000068257942
15.000000048538745
15.000000046972669
15.000000061283385
15.000000067924683
15.000000068300695
15.000000069634186
15.000000068300819
15.000000067924869
15.000000061283295
15.000000046972772
15.000000028808056
15.000000049031215
15.000000047633353
15.000000050302567
15.00000004954949
15.00000005030271
15.000000047633373
15.000000049031279
15.000000028808078
15.200000028747175
15.200000049438335
15.200000047963533
15.200000050682307
15.200000049796632
15.200000050682322
15.200000047963549
15.200000049438495
15.200000028747141
15.200000047259691
15.200000062354974
15.20000006896872
15.200000069275896
15.200000070606771
15.200000069275935
15.200000068968999
15.200000062355107
15.200000047259824
15.200000048914189
15.200000069298751
15.200000073192184
15.200000075900249
15.200000074795909
15.200000075900176
15.200000073192239
15.200000069298925
15.200000048914241
15.200000047259691
15.200000062355052
15.200000068968754
15.200000069276054
15.200000070606793
15.200000069275907
15.200000068968745
15.200000062354926
15.200000047259817
15.20000002874715
15.200000049438348
15.20000004796352
15.20000005068232
15.200000049796788
15.200000050682343
15.200000047963428
15.200000049438414
15.200000028747116
15.400000028681527
15.400000049817759
15.400000048275327
15.400000051039155
15.400000050034986
15.400000051039171
15.40000004827523
15.400000049817747
15.400000028681447
15.400000047528966
15.400000063447326
15.400000070023143
15.400000070263589
15.400000071577063
15.400000070263506
15.40000007002304
15.400000063447001
15.400000047528961
15.400000049281223
15.400000070349988
15.400000074242744
15.400000076901534
15.400000075759728
15.400000076901584
15.400000074242655
15.400000070349813
15.400000049281163
15.400000047528964
15.400000063447472
15.400000070023101
15.400000070263399
15.400000071576812
15.400000070263506
15.400000070023216
15.400000063447335
15.400000047529058
15.400000028681493
15.4000000498178
15.400000048275352
15.400000051039067
15.400000050034969
15.400000051039182
15.400000048275281
15.400000049817901
15.40000002868144
15.600000028613376
15.600000050174319
15.600000048566846
15.600000051371582
15.600000050259524
15.600000051371557
15.600000048566825
15.600000050174366
15.600000028613392
15.600000047779584
15.600000064559932
15.600000071085354
15.60000007126343
15.600000072549793
15.600000071263398
15.600000071085502
15.600000064559985
15.600000047779602
15.600000049632257
15.600000071413506
15.60000007529398
15.60000007790136
15.600000076726465
15.600000077901218
15.600000075293872
15.600000071413545
15.600000049632314
15.60000004777948
15.600000064559959
15.600000071085431
15.60000007126375
15.60000007255004
15.600000071263588
15.600000071085384
15.600000064559872
15.600000047779623
15.600000028613339
15.600000050174263
15.600000048566878
15.600000051371632
15.60000005025973
15.600000051371653
15.600000048566784
15.600000050174302
15.600000028613351
15.80000002852011
15.800000050512724
15.800000048835404
15.800000051678609
15.800000050464924
15.800000051678582
15.800000048835365
15.800000050512741
15.80000002852004
15.800000048019584
15.800000065692148
15.800000072160282
15.800000072275925
15.800000073527727
15.800000072275932
15.800000072160389
15.800000065691957
15.800000048019587
15.800000049954949
15.80000007249501
15.800000076339492
15.80000007890184
15.800000077694637
15.800000078901785
15.800000076339398
15.800000072494948
15.800000049954967
15.800000048019566
15.800000065692286
15.800000072160207
15.800000072275715
15.800000073527322
15.800000072275772
15.800000072160303
15.800000065692116
15.800000048019664
15.800000028520103
15.80000005051275
15.80000004883536
15.80000005167842
15.80000005046486
15.800000051678538
15.800000048835345
15.800000050512818
15.800000028520076
16.000000028397725
16.000000050827296
16.000000049080178
16.000000051959436
16.000000050649227
16.000000051959422
16.000000049080175
16.000000050827357
16.000000028397668
16.000000048251174
16.000000066848287
16.000000073246724
16.000000073299233
16.000000074511444
16.000000073299208
16.000000073246856
16.000000066848212
16.000000048251149
16.000000050241503
16.000000073593604
16.000000077377237
16.00000007990527
16.000000078659802
16.000000079905277
16.000000077377301
16.000000073593711
16.000000050241564
16.00000004825116
16.000000066848372
16.000000073246724
16.000000073299422
16.000000074511554
16.000000073299415
16.000000073246923
16.000000066848273
16.00000004825117
16.000000028397725
16.000000050827293
16.000000049080207
16.000000051959447
16.000000050649444
16.000000051959535
16.000000049080175
16.000000050827445
16.000000028397679
16.200000028263418
16.200000051115772
16.200000049304055
16.200000052211543
16.200000050809333
16.200000052211546
16.200000049303949
16.200000051115822
16.2000000282634
16.200000048474884
16.200000068025986
16.200000074348594
16.200000074333783
16.200000075504899
16.200000074333712
16.200000074348651
16.200000068025822
16.200000048474976
16.200000050495362
16.200000074706558
16.200000078410696
16.200000080907184
16.200000079626768
16.200000080907106
16.200000078410621
16.200000074706473
16.20000005049538
16.200000048474909
16.200000068025979
16.200000074348551
16.200000074333779
16.200000075504864
16.200000074333794
16.200000074348527
16.200000068025783
16.200000048474902
16.200000028263382
16.200000051115726
16.200000049304037
16.2000000522116
16.200000050809383
16.200000052211614
16.200000049303949
16.200000051115776
16.200000028263336
16.400000028108789
16.400000051379479
16.400000049506389
16.400000052436539
16.400000050954329
16.400000052436614
16.400000049506353
16.400000051379561
16.400000028108774
16.400000048694007
16.400000069225701
16.400000075463357
16.400000075380689
16.400000076501794
16.400000075380689
16.400000075463545
16.400000069225719
16.400000048694078
16.400000050706812
16.400000075837742
16.400000079439586
16.400000081906679
16.400000080599014
16.400000081906629
16.400000079439735
16.400000075837855
16.400000050706925
16.400000048694054
16.400000069225925
16.400000075463403
16.400000075380657
16.400000076501513
16.400000075380593
16.400000075463552
16.400000069225925
16.400000048694199
16.400000028108732
16.400000051379561
16.400000049506428
16.400000052436486
16.400000050954368
16.400000052436571
16.400000049506428
16.400000051379656
16.400000028108785
16.600000027937266
16.600000051612138
16.600000049692767
16.600000052628566
16.600000051085679
16.600000052628538
16.600000049692724
16.600000051612181
16.600000027937249
16.600000048903674
16.60000007045139
16.600000076590117
16.600000076439787
16.600000077506216
16.600000076439706
16.600000076590121
16.60000007045123
16.600000048903688
16.600000050869841
16.600000076988373
16.600000080469442
16.600000082896859
16.600000081580234
16.600000082896717
16.600000080469218
16.600000076988273
16.600000050869831
16.600000048903613
16.600000070451241
16.600000076589957
16.600000076439969
16.600000077506465
16.600000076439898
16.60000007659
16.600000070451209
16.600000048903642
16.600000027937188
16.600000051612103
16.600000049692785
16.600000052628591
16.600000051085857
16.600000052628669
16.600000049692678
16.600000051612117
16.600000027937217
16.800000027769297
16.800000051807928
16.800000049866874
16.80000005277979
16.80000005120262
16.800000052779893
16.800000049866913
16.800000051807991
16.800000027769205
16.800000049097591
16.800000071704062
16.800000077724622
16.800000077515225
16.800000078521311
16.800000077515143
16.800000077724864
16.800000071704019
16.800000049097697
16.800000050998424
16.800000078152763
16.800000081501672
16.80000008387649
16.80000008256566
16.80000008387654
16.800000081501661
16.800000078152703
16.800000050998534
16.800000049097626
16.800000071704428
16.800000077724775
16.800000077515062
16.800000078520981
16.800000077515101
16.800000077724825
16.80000007170425
16.800000049097836
16.800000027769332
16.800000051807977
16.800000049866945
16.800000052779748
16.800000051202531
16.800000052779804
16.800000049866917
16.800000051808073
16.80000002776924
17.000000027609712
17.000000051964072
17.000000050029573
17.000000052887327
17.000000051306401
17.000000052887231
17.000000050029485
17.000000051964111
17.000000027609804
17.000000049266514
17.000000072991313
17.000000078865959
17.000000078608291
17.000000079545938
17.000000078608071
17.00000007886598
17.000000072991238
17.000000049266543
17.000000051100955
17.000000079327961
17.000000082537639
17.000000084845013
17.000000083557801
17.000000084844846
17.00000008253765
17.000000079327986
17.000000051100965
17.000000049266404
17.000000072991142
17.000000078865813
17.000000078608426
17.000000079546112
17.000000078608384
17.000000078865789
17.000000072991011
17.000000049266522
17.000000027609641
17.00000005196398
17.000000050029502
17.000000052887387
17.000000051306603
17.000000052887245
17.000000050029389
17.000000051964079
17.000000027609651
17.200000027456731
17.200000052078639
17.200000050173891
17.200000052949978
17.200000051400359
17.200000052949814
17.200000050173909
17.200000052078718
17.200000027456621
17.200000049415276
17.200000074314914
17.200000080014494
17.200000079717732
17.200000080584179
17.200000079717704
17.200000080014622
17.200000074314556
17.200000049415241
17.200000051168544
17.200000080510854
17.200000083579894
17.200000085804675
17.200000084550897
17.200000085804959
17.200000083580058
17.200000080510804
17.200000051168452
17.20000004941538
17.200000074315124
17.200000080014551
17.200000079717526
17.200000080583951
17.200000079717764
17.200000080014764
17.200000074315021
17.200000049415348
17.200000027456745
17.200000052078725
17.20000005017399
17.200000052949843
17.200000051400348
17.200000052949932
17.200000050174008
17.200000052078842
17.200000027456614
17.40000002730272
17.400000052150148
17.400000050292203
17.400000052970356
17.400000051477903
17.400000052970274
17.400000050292256
17.400000052150226
17.400000027302699
17.400000049541639
17.400000075676061
17.400000081177105
17.400000080844169
17.400000081635714
17.400000080844183
17.4000000811772
17.400000075676157
17.400000049541642
17.400000051202035
17.400000081706182
17.400000084620313
17.400000086756162
17.400000085546203
17.400000086755913
17.400000084620121
17.400000081706196
17.400000051202078
17.400000049541578
17.400000075676051
17.400000081177101
17.40000008084434
17.400000081635696
17.400000080844045
17.400000081176831
17.400000075675862
17.400000049541568
17.400000027302681
17.40000005215007
17.400000050292256
17.400000052970299
17.400000051478081
17.400000052970217
17.40000005029205
17.40000005215018
17.400000027302688
17.600000027149687
17.600000052178352
17.600000050385368
17.600000052948921
17.600000051531214
17.600000052948882
17.600000050385287
17.60000005217827
17.600000027149633
17.600000049638432
17.60000007708172
17.600000082348423
17.600000081988611
17.600000082705836
17.600000081988657
17.600000082348537
17.600000077081521
17.600000049638453
17.600000051216256
17.60000008290384
17.600000085663059
17.600000087697126
17.600000086538241
17.600000087697214
17.600000085663186
17.600000082903843
17.600000051216266
17.600000049638439
17.600000077081777
17.600000082348458
17.600000081988611
17.600000082705773
17.600000081988803
17.600000082348707
17.600000077081837
17.600000049638613
17.600000027149672
17.600000052178242
17.600000050385372
17.60000005294879
17.600000051531389
17.600000052948957
17.600000050385347
17.600000052178448
17.600000027149672
17.800000027001808
17.800000052160023
17.800000050457825
17.800000052879117
17.800000051549411
17.800000052879131
17.800000050457886
17.800000052160172
17.80000002700179
17.800000049705595
17.800000078533191
17.800000083530431
17.800000083155965
17.800000083796352
17.800000083155972
17.800000083530453
17.800000078533081
17.800000049705648
17.800000051216724
17.800000084100017
17.800000086709549
17.800000088621822
17.800000087532869
17.800000088621758
17.800000086709396
17.800000084099807
17.800000051216688
17.800000049705542
17.800000078533245
17.800000083530378
17.800000083156085
17.800000083796185
17.800000083155826
17.800000083530119
17.800000078532936
17.800000049705556
17.800000027001815
17.800000052160033
17.800000050457903
17.800000052879071
17.800000051549492
17.80000005287912
17.800000050457719
17.80000005216009
17.800000027001779
18.000000026845342
18.000000052101068
18.00000005050461
18.000000052764719
18.000000051529327
18.000000052764687
18.000000050504497
18.000000052101075
18.000000026845449
18.000000049751826
18.000000080026478
18.000000084724782
18.000000084344784
18.00000008491293
18.000000084344816
18.000000084724807
18.000000080026552
18.000000049751932
18.000000051186465
18.000000085302489
18.000000087757034
18.000000089530356
18.00000008852528
18.00000008953041
18.000000087757275
18.000000085302734
18.000000051186582
18.000000049751794
18.000000080026513
18.000000084724675
18.000000084344798
18.000000084912905
18.000000084345025
18.000000084724977
18.000000080026847
18.000000049751964
18.000000026845406
18.000000052101012
18.000000050504578
18.000000052764673
18.000000051529472
18.000000052764843
18.000000050504568
18.000000052101178
18.000000026845363
18.200000026667315
18.200000051996181
18.20000005051882
18.200000052609703
18.200000051467956
18.200000052609614
18.200000050518671
18.200000051996263
18.200000026667244
18.200000049788247
18.200000081561448
18.20000008593583
18.200000085554148
18.200000086057621
18.200000085554151
18.200000085935841
18.200000081561274
18.200000049788162
18.200000051118248
18.200000086514326
18.200000088802156
18.200000090427071
18.200000089508681
18.200000090427046
18.200000088802035
18.200000086514002
18.200000051118124
18.20000004978824
18.20000008156147
18.200000085935788
18.20000008555413
18.200000086057436
18.200000085554002
18.200000085935585
18.200000081561157
18.200000049788205
18.200000026667258
18.20000005199622
18.200000050518824
18.200000052609624
18.200000051467995
18.200000052609543
18.200000050518515
18.200000051996231
18.200000026667254
18.400000026477127
18.400000051842031
18.400000050500644
18.400000052408878
18.400000051364199
18.40000005240887
18.400000050500633
18.400000051842024
18.400000026477056
18.400000049807616
18.400000083141325
18.400000087163207
18.400000086787628
18.400000087229927
18.400000086787578
18.400000087163342
18.400000083141304
18.400000049807655
18.400000051009279
18.4000000877334
18.400000089842695
18.400000091309074
18.400000090481861
18.400000091309103
18.400000089842894
18.400000087733549
18.400000051009435
18.400000049807584
18.400000083141325
18.400000087163175
18.400000086787781
18.400000087229987
18.400000086787855
18.400000087163523
18.400000083141567
18.400000049807826
18.400000026477155
18.400000051841936
18.400000050500729
18.400000052408885
18.400000051364337
18.400000052409027
18.400000050500712
18.400000051842149
18.400000026477041
18.600000026285628
18.600000051636716
18.60000005045238
18.60000005215857
18.600000051221528
18.600000052158663
18.600000050452419
18.600000051636801
18.600000026285599
18.600000049802464
18.600000084769366
18.600000088408127
18.600000088047402
18.600000088430473
18.600000088047462
18.600000088408301
18.600000084769409
18.600000049802446
18.600000050867759
18.600000088959831
18.600000090877625
18.600000092176487
18.600000091441995
18.600000092176515
18.600000090877675
18.600000088959845
18.600000050867788
18.60000004980235
18.60000008476938
18.600000088408127
18.60000008804737
18.600000088430352
18.600000088047249
18.60000008840807
18.600000084769267
18.600000049802407
18.600000026285663
18.600000051636769
18.600000050452365
18.60000005215856
18.600000051221496
18.60000005215851
18.600000050452316
18.600000051636773
18.600000026285613
18.800000026091141
18.80000005137936
18.800000050367768
18.800000051851562
18.800000051038417
18.800000051851583
18.800000050367679
18.800000051379307
18.800000026091176
18.800000049768848
18.800000086449135
18.800000089673087
18.800000089336947
18.800000089661395
18.800000089336766
18.800000089673087
18.800000086449067
18.800000049768926
18.800000050699083
18.800000090189506
18.800000091904923
18.800000093028359
18.800000092385538
18.800000093028441
18.800000091904902
18.80000009018951
18.80000005069914
18.800000049768794
18.800000086449224
18.800000089673166
18.800000089337086
18.800000089661513
18.800000089336859
18.800000089673155
18.800000086449192
18.800000049768862
18.800000026091251
18.800000051379254
18.800000050367817
18.80000005185169
18.800000051038499
18.800000051851601
18.800000050367732
18.800000051379417
18.800000026091169
19.000000025879878
19.000000051076483
19.000000050242399
19.000000051491195
19.000000050804807
19.000000051491245
19.000000050242377
19.000000051076377
19.000000025879974
19.00000004970472
19.00000008818094
19.000000090961294
19.000000090657188
19.000000090924647
19.000000090657142
19.000000090961368
19.000000088180837
19.000000049704774
19.000000050499725
19.000000091427882
19.000000092919539
19.000000093860965
19.000000093317457
19.000000093861026
19.000000092919617
19.000000091427935
19.000000050499825
19.000000049704656
19.000000088180943
19.000000090961251
19.000000090657114
19.000000090924495
19.000000090657128
19.000000090961322
19.000000088180894
19.000000049704759
19.000000025879938
19.000000051076437
19.000000050242438
19.000000051491135
19.000000050804818
19.000000051491174
19.000000050242331
19.000000051076402
19.000000025879935
19.200000025644449
19.200000050727944
19.200000050067743
19.200000051080579
19.20000005051882
19.200000051080615
19.200000050067807
19.200000050728001
19.200000025644421
19.20000004960956
19.200000089970462
19.20000009227217
19.200000092007382
19.200000092221281
19.200000092007446
19.200000092272202
19.200000089970406
19.20000004960961
19.200000050267025
19.200000092669402
19.200000093922107
19.200000094675023
19.200000094234476
19.200000094675016
19.200000093922149
19.200000092669487
19.200000050267064
19.200000049609525
19.200000089970505
19.200000092272131
19.200000092007485
19.200000092221401
19.200000092007489
19.200000092272152
19.200000089970484
19.200000049609471
19.200000025644439
19.200000050727933
19.200000050067732
19.200000051080622
19.200000050518849
19.200000051080689
19.20000005006775
19.200000050728026
19.2000000256444
19.400000025387342
19.400000050330483
19.400000049845961
19.400000050617436
19.400000050181305
19.400000050617468
19.400000049845886
19.400000050330434
19.400000025387268
19.400000049477214
19.400000091821759
19.400000093605595
19.400000093390094
19.400000093551217
19.400000093390069
19.400000093605435
19.400000091821511
19.400000049477285
19.400000050001708
19.400000093916823
19.40000009491083
19.400000095469768
19.400000095139923
19.40000009546975
19.400000094910709
19.400000093916663
19.400000050001577
19.400000049477111
19.40000009182182
19.400000093605513
19.40000009339003
19.40000009355105
19.400000093390034
19.400000093605534
19.400000091821777
19.400000049477224
19.400000025387303
19.40000005033043
19.400000049846057
19.400000050617368
19.400000050181273
19.400000050617496
19.400000049845978
19.400000050330426
19.400000025387271
19.60000002510964
19.600000049884297
19.600000049576813
19.600000050095773
19.600000049795113
19.600000050095712
19.600000049576838
19.600000049884272
19.600000025109619
19.600000049306281
19.600000093738139
19.600000094960926
19.600000094807676
19.600000094915462
19.600000094807875
19.600000094961125
19.600000093738313
19.600000049306448
19.600000049689225
19.600000095173836
19.600000095881878
19.600000096247431
19.600000096028463
19.600000096247555
19.600000095881938
19.600000095173954
19.600000049689321
19.600000049306267
19.60000009373827
19.60000009496105
19.600000094807797
19.600000094915501
19.600000094807825
19.600000094961068
19.600000093738185
19.600000049306374
19.600000025109605
19.600000049884205
19.600000049576902
19.600000050095758
19.600000049795131
19.600000050095698
19.600000049576845
19.600000049884194
19.600000025109573
19.800000024796024
19.800000049398516
19.800000049255331
19.800000049514136
19.800000049360392
19.800000049514079
19.800000049255257
19.800000049398424
19.800000024796006
19.800000049105027
19.800000095713919
19.800000096342156
19.800000096261122
19.800000096316182
19.80000009626103
19.80000009634206
19.800000095713784
19.800000049104916
19.800000049318811
19.800000096450823
19.800000096829926
19.800000097007718
19.800000096899655
19.800000097007672
19.800000096829841
19.800000096450706
19.800000049318673
19.800000049104959
19.800000095713909
19.800000096342099
19.800000096261108
19.800000096316126
19.800000096261062
19.800000096342139
19.800000095713902
19.800000049105037
19.800000024796027
19.800000049398477
19.800000049255399
19.800000049514079
19.800000049360289
19.800000049514082
19.80000004925531
19.80000004939858
19.800000024795967
20.000000024437803
20.000000048875563
20.00000004887556
20.000000048875599
20.000000048875556
20.000000048875606
20.000000048875563
20.000000048875556
20.000000024437803
20.000000048875577
20.000000097751133
20.000000097751151
20.000000097751148
20.000000097751155
20.000000097751155
20.000000097751148
20.000000097751148
20.000000048875574
20.000000048875535
20.000000097751119
20.000000097751141
20.000000097751073
20.000000097751098
20.000000097751119
20.000000097751105
20.000000097751137
20.000000048875545
20.000000048875577
20.000000097751133
20.000000097751151
20.000000097751148
20.000000097751155
20.000000097751155
20.000000097751148
20.000000097751148
20.000000048875574
20.000000024437803
20.000000048875563
20.00000004887556
20.000000048875599
20.000000048875556
20.000000048875606
20.000000048875563
20.000000048875556
20.000000024437803
